a) Run the itemset mining algorithm with 20% support. How many frequent itemsets are there?
402 frequent itemsets

b) Write top 10 itemsets (in terms of highest support value).
0                  6 (62.5287)\n
1                 16 (61.8391)\n
2                200 (61.3793)\n
3                  3 (58.1609)\n
4                 14 (57.0115)\n
5                  8 (55.6322)\n
6                  7 (54.9425)\n
7              3 200 (53.1034)\n
8              8 200 (50.1149)\n
9                 10 (49.6552)\n

c) How many frequent itemsets have 100 as part of itemsets?
75 

d) How many frequent itemsets have 200 as part of itemsets?
94 

e) Write top 10 association rules (in terms of highest confidence value) where the rule’s head is 100
    100  200  confidence head                    rule  support
0     1    0     96.8085  100            100 <- 4 10   21.6092
1     1    0     96.7033  100          100 <- 4 5 16   20.9195
2     1    0     96.6667  100         100 <- 4 10 14   20.6897
3     1    0     96.6292  100       100 <- 4 5 14 16   20.4598
4     1    0     96.5909  100          100 <- 4 5 10   20.2299
5     1    0     95.9350  100         100 <- 12 4 13   28.2759
6     1    0     95.9184  100            100 <- 4 16   22.5287
7     1    0     95.8678  100       100 <- 12 4 13 5   27.8161
8     1    0     95.8333  100      100 <- 12 4 13 14   27.5862
9     1    0     95.8333  100         100 <- 4 14 16   22.0690

f) How many rules with head 100 are there for which the confidence value is more than 75%?
    100  200  confidence head                    rule  support
0     1    0     96.8085  100            100 <- 4 10   21.6092
1     1    0     96.7033  100          100 <- 4 5 16   20.9195
2     1    0     96.6667  100         100 <- 4 10 14   20.6897
3     1    0     96.6292  100       100 <- 4 5 14 16   20.4598
4     1    0     96.5909  100          100 <- 4 5 10   20.2299
5     1    0     95.9350  100         100 <- 12 4 13   28.2759
6     1    0     95.9184  100            100 <- 4 16   22.5287
7     1    0     95.8678  100       100 <- 12 4 13 5   27.8161
8     1    0     95.8333  100      100 <- 12 4 13 14   27.5862
9     1    0     95.8333  100         100 <- 4 14 16   22.0690
10    1    0     95.7627  100    100 <- 12 4 13 5 14   27.1264
11    1    0     95.7265  100       100 <- 12 4 13 6   26.8966
12    1    0     95.6522  100     100 <- 12 4 13 5 6   26.4368
13    1    0     95.6140  100    100 <- 12 4 13 14 6   26.2069
14    1    0     95.5357  100  100 <- 12 4 13 5 14 6   25.7471
15    1    0     95.0355  100            100 <- 12 4   32.4138
16    1    0     94.9275  100          100 <- 12 4 5   31.7241
17    1    0     94.8529  100         100 <- 12 4 14   31.2644
18    1    0     94.7368  100          100 <- 12 4 6   30.5747
19    1    0     94.7368  100       100 <- 12 4 5 14   30.5747
20    1    0     94.6154  100        100 <- 12 4 5 6   29.8851
21    1    0     94.5312  100       100 <- 12 4 14 6   29.4253
22    1    0     94.4000  100     100 <- 12 4 5 14 6   28.7356
23    1    0     93.6170  100          100 <- 4 13 5   32.4138
24    1    0     93.5252  100         100 <- 4 13 14   31.9540
25    1    0     93.3824  100       100 <- 4 13 5 14   31.2644
26    1    0     93.2331  100        100 <- 4 13 5 6   30.5747
27    1    0     93.1034  100            100 <- 4 13   33.3333
28    1    0     93.0769  100       100 <- 4 13 14 6   29.8851
29    1    0     92.9688  100     100 <- 4 13 5 14 6   29.4253
30    1    0     92.8571  100             100 <- 4 5   38.6207
31    1    0     92.6471  100          100 <- 4 13 6   31.2644
32    1    0     92.5000  100          100 <- 4 5 14   36.7816
33    1    0     92.3077  100           100 <- 4 5 6   35.8621
34    1    0     92.2619  100            100 <- 4 14   38.6207
35    1    0     92.0904  100               100 <- 4   40.6897
36    1    0     92.0530  100          100 <- 4 14 6   34.7126
37    1    0     91.8919  100        100 <- 4 5 14 6   34.0230
38    1    0     91.8750  100             100 <- 4 6   36.7816
39    1    0     88.5496  100         100 <- 12 13 5   30.1149
40    1    0     88.2812  100      100 <- 12 13 5 14   29.4253
41    1    0     88.0000  100       100 <- 12 13 5 6   28.7356
42    1    0     87.9195  100            100 <- 12 5   34.2529
43    1    0     87.7049  100    100 <- 12 13 5 14 6   28.0460
44    1    0     87.5000  100         100 <- 12 5 14   33.1034
45    1    0     87.2340  100          100 <- 12 5 6   32.4138
46    1    0     86.7647  100       100 <- 12 5 14 6   31.2644
47    1    0     86.5079  100      100 <- 12 13 14 6   28.9655
48    1    0     86.4662  100        100 <- 12 13 14   30.5747
49    1    0     86.2069  100             100 <- 4 2   20.0000
50    1    0     85.6115  100           100 <- 12 13   31.9540
51    1    0     85.6061  100         100 <- 12 13 6   30.3448
52    1    0     85.2273  100        100 <- 12 14 16   20.2299
53    1    0     81.7568  100         100 <- 12 14 6   34.0230
54    1    0     81.6456  100           100 <- 12 14   36.3218
55    1    0     81.6092  100         100 <- 12 16 6   20.0000
56    1    0     81.3187  100           100 <- 12 10   20.9195
57    1    0     81.0000  100         100 <- 5 10 14   22.9885
58    1    0     80.4598  100      100 <- 13 5 14 16   20.0000
59    1    0     80.2083  100           100 <- 12 16   22.0690

g) Write top 10 association rules (in terms of highest confidence value) where the rule’s head is 200
     100  200  confidence head                rule  support
0      0    1     99.0196  200   200 <- 1 9 7 8 3   23.4483
1      0    1     98.3051  200      200 <- 15 9 7   27.1264
2      0    1     98.2609  200    200 <- 15 9 7 8   26.4368
3      0    1     98.1818  200     200 <- 1 9 8 3   25.2874
4      0    1     98.1481  200    200 <- 15 9 7 3   24.8276
5      0    1     98.1132  200  200 <- 15 9 7 8 3   24.3678
6      0    1     98.0952  200     200 <- 1 9 7 3   24.1379
7      0    1     97.7273  200      200 <- 11 8 3   20.2299
8      0    1     97.6923  200        200 <- 15 9   29.8851
9      0    1     97.6190  200      200 <- 15 9 8   28.9655

h) How many rules with head 200 are there for which the confidence value is more than 75%?
     100  200  confidence head                rule  support
0      0    1     99.0196  200   200 <- 1 9 7 8 3   23.4483
1      0    1     98.3051  200      200 <- 15 9 7   27.1264
2      0    1     98.2609  200    200 <- 15 9 7 8   26.4368
3      0    1     98.1818  200     200 <- 1 9 8 3   25.2874
4      0    1     98.1481  200    200 <- 15 9 7 3   24.8276
5      0    1     98.1132  200  200 <- 15 9 7 8 3   24.3678
6      0    1     98.0952  200     200 <- 1 9 7 3   24.1379
7      0    1     97.7273  200      200 <- 11 8 3   20.2299
8      0    1     97.6923  200        200 <- 15 9   29.8851
9      0    1     97.6190  200      200 <- 15 9 8   28.9655
10     0    1     97.4576  200      200 <- 15 9 3   27.1264
11     0    1     97.3913  200    200 <- 15 9 8 3   26.4368
12     0    1     97.3684  200       200 <- 1 9 3   26.2069
13     0    1     97.2477  200        200 <- 11 3   25.0575
14     0    1     97.1963  200     200 <- 1 9 7 8   24.5977
15     0    1     96.9072  200        200 <- 11 8   22.2989
16     0    1     96.7742  200    200 <- 15 7 8 3   28.5057
17     0    1     96.7742  200     200 <- 9 7 8 3   35.6322
18     0    1     96.7391  200     200 <- 15 9 16   21.1494
19     0    1     96.7391  200      200 <- 15 1 3   21.1494
20     0    1     96.7033  200      200 <- 15 1 8   20.9195
21     0    1     96.6292  200   200 <- 15 9 8 16   20.4598
22     0    1     96.5517  200       200 <- 1 9 8   26.6667
23     0    1     96.5517  200    200 <- 15 1 8 3   20.0000
24     0    1     96.4912  200       200 <- 9 8 3   39.3103
25     0    1     96.3768  200      200 <- 15 8 3   31.7241
26     0    1     96.3636  200       200 <- 1 9 7   25.2874
27     0    1     96.2963  200      200 <- 15 7 8   31.0345
28     0    1     96.1240  200      200 <- 15 7 3   29.6552
29     0    1     96.0265  200        200 <- 15 8   34.7126
30     0    1     95.9184  200        200 <- 15 1   22.5287
31     0    1     95.8678  200         200 <- 1 9   27.8161
32     0    1     95.6522  200       200 <- 9 7 3   37.0115
33     0    1     95.5056  200       200 <- 2 8 3   20.4598
34     0    1     95.4128  200  200 <- 9 7 8 3 16   25.0575
35     0    1     95.4023  200   200 <- 15 7 3 16   20.0000
36     0    1     95.3642  200        200 <- 15 3   34.7126
37     0    1     95.0820  200    200 <- 9 8 3 16   28.0460
38     0    1     95.0820  200     200 <- 1 7 8 3   28.0460
39     0    1     95.0000  200         200 <- 9 3   41.3793
40     0    1     94.8905  200       200 <- 1 8 3   31.4943
41     0    1     94.7917  200   200 <- 15 8 3 16   22.0690
42     0    1     94.7917  200         200 <- 2 8   22.0690
43     0    1     94.6237  200   200 <- 15 7 8 16   21.3793
44     0    1     94.4186  200         200 <- 8 3   49.4253
45     0    1     94.2857  200     200 <- 15 8 16   24.1379
46     0    1     94.2529  200        200 <- 11 7   20.0000
47     0    1     94.1748  200     200 <- 15 3 16   23.6782
48     0    1     94.1176  200       200 <- 7 8 3   42.9885
49     0    1     94.0397  200         200 <- 1 3   34.7126
50     0    1     93.8596  200    200 <- 9 7 3 16   26.2069
51     0    1     93.7500  200       200 <- 1 7 3   29.4253
52     0    1     93.6416  200       200 <- 9 7 8   39.7701
53     0    1     93.2584  200    200 <- 1 8 3 16   20.4598
54     0    1     93.2292  200         200 <- 9 8   44.1379
55     0    1     93.1034  200        200 <- 15 7   33.3333
56     0    1     93.0233  200       200 <- 1 7 8   29.6552
57     0    1     93.0233  200      200 <- 9 3 16   29.6552
58     0    1     92.7273  200         200 <- 2 3   25.2874
59     0    1     92.6174  200      200 <- 8 3 16   34.2529
60     0    1     92.4658  200         200 <- 1 8   33.5632
61     0    1     92.2481  200    200 <- 7 8 3 16   29.6552
62     0    1     91.9540  200          200 <- 15   40.0000
63     0    1     91.9192  200      200 <- 1 3 16   22.7586
64     0    1     91.7582  200         200 <- 9 7   41.8391
65     0    1     91.5423  200         200 <- 7 3   46.2069
66     0    1     91.3043  200           200 <- 3   58.1609
67     0    1     91.2409  200      200 <- 9 8 16   31.4943
68     0    1     91.2088  200      200 <- 9 10 3   20.9195
69     0    1     91.1290  200    200 <- 9 7 8 16   28.5057
70     0    1     91.0891  200     200 <- 15 7 16   23.2184
71     0    1     90.9091  200      200 <- 10 8 3   25.2874
72     0    1     90.8213  200           200 <- 9   47.5862
73     0    1     90.7563  200       200 <- 15 16   27.3563
74     0    1     90.5263  200      200 <- 1 8 16   21.8391
75     0    1     90.4255  200    200 <- 10 7 8 3   21.6092
76     0    1     90.0826  200           200 <- 8   55.6322
77     0    1     90.0000  200         200 <- 7 8   48.2759
78     0    1     89.6552  200    200 <- 9 10 7 8   20.0000
79     0    1     89.5833  200      200 <- 9 10 8   22.0690
80     0    1     89.2857  200      200 <- 7 3 16   32.1839
81     0    1     89.2857  200         200 <- 1 7   32.1839
82     0    1     88.6364  200      200 <- 9 7 16   30.3448
83     0    1     88.4393  200        200 <- 3 16   39.7701
84     0    1     88.2353  200      200 <- 10 7 3   23.4483
85     0    1     87.8378  200        200 <- 9 16   34.0230
86     0    1     87.5000  200        200 <- 8 16   38.6207
87     0    1     87.2340  200      200 <- 9 10 7   21.6092
88     0    1     87.0748  200      200 <- 7 8 16   33.7931
89     0    1     86.9565  200      200 <- 1 7 16   21.1494
90     0    1     86.8217  200        200 <- 10 3   29.6552
91     0    1     86.4583  200       200 <- 11 16   22.0690
92     0    1     86.4000  200        200 <- 10 8   28.7356
93     0    1     86.2069  200         200 <- 2 7   20.0000
94     0    1     86.0000  200          200 <- 11   34.4828
95     0    1     85.8491  200        200 <- 9 10   24.3678
96     0    1     85.3211  200      200 <- 10 7 8   25.0575
97     0    1     85.0877  200         200 <- 3 6   26.2069
98     0    1     84.2697  200        200 <- 11 2   20.4598
99     0    1     83.6820  200           200 <- 7   54.9425
100    0    1     83.4225  200           200 <- 1   42.9885
101    0    1     83.1461  200     200 <- 9 10 16   20.4598
102    0    1     83.0000  200     200 <- 10 3 16   22.9885
103    0    1     82.9787  200         200 <- 8 6   21.6092
104    0    1     82.8283  200     200 <- 10 8 16   22.7586
105    0    1     81.8182  200         200 <- 1 2   20.2299
106    0    1     81.6667  200        200 <- 1 16   27.5862

i) Use the rules (which has more than 75% confidence) as binary feature and construct a new
dataset, in which each rule is a feature and any transaction that has the body of the rule will
have a feature value of 1 and if it does not have the body of the rule will have a feature value
0. Use soft-margin SVM with linear kernel to report 3-fold classification accuracy (after using
1 fold for parameter tuning). Report both average and standard deviation.

Best scores at 
C =  0.165 
mean :  0.978593272171 , std :  0.00779666592292
